12.031464460784317, 0.41960254937296854, 0.043391802996595244, 0.9874144499404117, 190.4003143310547, 21.868034868224342, 6.232054914944867, Sand
139.7881893382353, 0.12600964482258145, 0.019272318866337148, 0.849693658331935, 178.46168518066406, 21.564854870097534, 6.4485748083484244, Sand
142.52083333333331, 0.2750788708614831, 0.021444609434107635, 0.9656348730787808, 138.93031311035156, 45.52876474817044, 7.194831944604502, Sand
123.61867340686273, 0.4325274389373567, 0.07556308368145047, 0.9809396093521975, 165.71900939941406, 56.94531123499586, 7.092418032389375, Sand
248.87405024509806, 0.10957115373761951, 0.015616850467476618, 0.8924357970794728, 145.5471649169922, 34.06379329657599, 6.921909655210126, Sand
1194.3949295343139, 0.03956548474886535, 0.011152297452362658, 0.2805555601682956, 187.76290893554688, 28.81334311461337, 6.81300734424286, Sand
60.882735906862735, 0.22621742683948934, 0.03178267647252807, 0.9097035331391423, 192.34239196777344, 18.38245144915235, 6.055956486368072, Sand
1163.880499387255, 0.03992994051961979, 0.01203021954705058, 0.13237571940211765, 165.1481170654297, 25.89490490956393, 6.6849889060652625, Sand
138.19833026960785, 0.12403860524508901, 0.022357622042959165, 0.7765904792614957, 160.80740356445312, 17.61859449402948, 6.130528989626219, Sand
372.83964460784324, 0.10588770262350376, 0.01743602689386702, 0.7585691998820764, 155.68841552734375, 27.78987334667454, 6.670887349574837, Sand
55.74157475490196, 0.198672962591326, 0.03913964772159946, 0.6610920517911247, 214.4414825439453, 9.072702353888767, 5.208074957623484, Sand
172.27023590686275, 0.2184828007078923, 0.029195310663809412, 0.7766714686254962, 187.94161987304688, 19.642171993397238, 6.2036748387093485, Sand
1105.2957873774515, 0.05618316605289751, 0.010732346713390663, 0.7591338066632375, 162.4065704345703, 47.8799096410453, 7.308510997525024, Sand
8.086626838235295, 0.5167101792054264, 0.05960273413715697, 0.9841500570090255, 191.19154357910156, 15.98001880088509, 5.96083794600789, Sand
3115.3301623774514, 0.024813709299431552, 0.007083908752346072, 0.16656809460574623, 133.30325317382812, 43.20205891725877, 7.460667744975378, Sand
114.62230392156866, 0.1242585821609072, 0.030269915997156345, 0.7013785146304654, 210.23411560058594, 13.851656666269589, 5.626531387336035, Sand
57.35605085784313, 0.17511986802480073, 0.03656973487754541, 0.7504630873394796, 204.7143096923828, 10.715530860820115, 5.375143841552858, Sand
829.4721047794117, 0.047450718852571315, 0.011635503452268608, 0.5680086510158354, 186.06199645996094, 30.97214686873803, 6.890240001164727, Sand
204.77945772058825, 0.11635620537668613, 0.0184114098372403, 0.8787819124815017, 169.5570526123047, 29.057976662093004, 6.72738879112188, Sand
111.81557904411768, 0.13168406535676483, 0.019357302827099958, 0.9095318416672697, 148.8531036376953, 25.061095034434402, 6.6188344728732735, Sand
57.35605085784313, 0.17511986802480073, 0.03656973487754541, 0.7504630873394796, 204.7143096923828, 10.715530860820115, 5.375143841552858, Sand
21.455422794117652, 0.6766188824380349, 0.5393532896122031, 0.993319754575423, 224.0485382080078, 40.07460286210031, 3.7329726859665255, Sand
259.22765012254905, 0.09049431143433798, 0.0169289685978795, 0.7780377137040143, 177.75779724121094, 24.173890698647547, 6.549258361889286, Sand
283.9406862745098, 0.2008317888705821, 0.025309448605807194, 0.7808594661678946, 157.34388732910156, 25.44909697881459, 6.5306083356602045, Sand
1049.2485140931371, 0.04970612931797788, 0.010027817370165386, 0.6957000184476638, 154.38333129882812, 41.52105104544047, 7.285350223070685, Sand
1380.1709405637257, 0.03769191416012483, 0.009693853306114927, 0.4184094289695855, 83.80726623535156, 34.458175424329916, 7.0900085629777685, Grass
2638.0988051470586, 0.03526897397293493, 0.007525009700992819, 0.3739013542777552, 82.1373291015625, 45.89610566518234, 7.416778682928354, Grass
2953.8295036764716, 0.0365991940377914, 0.00685255646047762, 0.5228993686440069, 93.73802185058594, 55.633560872503054, 7.679284960847397, Grass
3293.798498774511, 0.026106924526977906, 0.0068249256080355316, 0.22371268933606744, 93.99778747558594, 46.06047373386572, 7.471371245282142, Grass
2616.0041973039224, 0.029656142339379302, 0.007083850781908866, 0.30800715836719605, 110.15235900878906, 43.46730543844558, 7.443076066332972, Grass
691.5426776960784, 0.09973168684241607, 0.013031862579436749, 0.8605004858438443, 162.6787872314453, 49.80060294985233, 7.281116221070941, Grass
4079.7953125000004, 0.02632016966637239, 0.006963946433575902, 0.20944325034149996, 154.7370147705078, 50.777809145681736, 7.5466122049616535, Grass
694.3797947303923, 0.05136993337825825, 0.013278572945816297, 0.3505531493644703, 154.39854431152344, 23.14076460025233, 6.563438480603485, Grass
1153.020511642157, 0.04936336512529195, 0.010379667295568327, 0.5934299156608528, 75.7032470703125, 37.640085991412256, 7.153778999417169, Grass
1633.8150888480393, 0.04251559111554355, 0.008702045618824908, 0.5566427990222658, 85.61309814453125, 42.92432215187999, 7.338596322779094, Grass
1740.8152573529408, 0.052059093521485085, 0.008115215486937959, 0.5408013759883232, 114.96562194824219, 43.54552200827084, 7.462305784960529, Grass
1184.8078125, 0.05828068213025568, 0.009543246719354106, 0.6452682866702996, 115.92738342285156, 40.8699752878683, 7.373500474129441, Grass
2195.927435661765, 0.07841643500264497, 0.008056469449124807, 0.7094506687423809, 110.54498291015625, 61.47073826676585, 7.840710863968397, Grass
1325.5959558823529, 0.04803253020997828, 0.009097194908433349, 0.5010664328831195, 97.63534545898438, 36.451432507528054, 7.202484637051555, Grass
2009.5236213235294, 0.037601832896689, 0.007403890578362621, 0.5385811020188498, 116.3792724609375, 46.63810432162555, 7.543202980852083, Grass
311.7387714460783, 0.15581297616788248, 0.01818567553541331, 0.8060299653919759, 129.22279357910156, 28.368423033348908, 6.817664417568109, Grass
2638.0988051470586, 0.03526897397293493, 0.007525009700992819, 0.3739013542777552, 82.1373291015625, 45.89610566518234, 7.416778682928354, Grass
889.2208486519608, 0.0873338835680614, 0.01320889457329233, 0.5232286291664666, 101.160400390625, 30.561486942179876, 6.9465579975735015, Grass
3056.910309436275, 0.028699602447052153, 0.007212422366879265, 0.2501649364901937, 103.21864318847656, 45.14881231691275, 7.465969692045066, Grass
3169.4664062499996, 0.02506355087012041, 0.007821910782382886, 0.08152612686318818, 67.47943115234375, 41.525050730287795, 7.287337761451964, Grass
808.2812806372551, 0.07544058155693688, 0.00978006489615266, 0.8181889738057994, 133.84573364257812, 47.13839836664594, 7.5460805203617305, Grass
2101.6150582107844, 0.03440013173477433, 0.007455428206263027, 0.4742360591080022, 93.85466003417969, 44.70874656031558, 7.469165819433474, Grass
2403.5603553921565, 0.040768413320757625, 0.007178824329463984, 0.49099730594358837, 93.45030212402344, 48.574213901980364, 7.5726063843705544, Grass
683.5586703431372, 0.0877930911668814, 0.011678165458171826, 0.7296708050393516, 103.99784851074219, 35.55347438238885, 7.186360283119505, Grass
2753.107000612745, 0.029376514900975568, 0.007088304842040089, 0.27902141840364125, 107.64547729492188, 43.683798793494255, 7.461576388820753, Grass
114.59704350490195, 0.12061283381291689, 0.030975503353513602, 0.472385841347966, 95.81700134277344, 10.425976851258433, 5.416103720929669, Wood
43.417509191176464, 0.3099193058694724, 0.024958881852409177, 0.9757837455972094, 100.63504028320312, 29.95357759114312, 6.9083889155784135, Wood
408.57519914215686, 0.1347597395092536, 0.021140826998546625, 0.6087961797734394, 118.57196044921875, 23.1297400107152, 6.490293933060457, Wood
10.864200367647058, 0.45678354440923524, 0.04559597759546043, 0.9853416413880496, 100.84730529785156, 19.275505700159492, 6.271999424174559, Wood
51.47990196078433, 0.21385387841168452, 0.022600935986832424, 0.9600654774406907, 100.20341491699219, 25.388858494962097, 6.682172200518207, Wood
327.567662377451, 0.09878511024673677, 0.015457622319659551, 0.7756771747157191, 154.0784149169922, 27.007740755115368, 6.711904130443106, Wood
14.193918504901958, 0.3380104446212081, 0.0653172335272301, 0.8279837223925152, 67.72145080566406, 6.42376141846612, 4.717694549751884, Wood
14.54981617647059, 0.3949451631560719, 0.03662304682291945, 0.987473716118713, 73.72320556640625, 24.091467113348717, 6.602181409672618, Wood
44.68270526960785, 0.20580068938160456, 0.02353048135158963, 0.9681415797479027, 127.86436462402344, 26.48398590962083, 6.749878945447897, Wood
20.62778799019608, 0.2542007643824489, 0.04102996779325635, 0.9212686438409368, 74.626708984375, 11.44914598809519, 5.560135700949637, Wood
49.74451593137255, 0.17263010172121876, 0.0423859695048918, 0.5486595444702631, 98.87715148925781, 7.423437280720518, 4.933878440998107, Wood
37.93423713235294, 0.21778829590309526, 0.04823244090970856, 0.5964577938760175, 205.73699951171875, 6.856176427576412, 4.821656927801842, Wood
57.459466911764714, 0.2122808889714636, 0.022589932762309018, 0.9594777483935825, 100.57107543945312, 26.62215467283752, 6.775269765030371, Wood
688.2754595588237, 0.06729021725920949, 0.010145968839093663, 0.8190674727853234, 99.51264953613281, 43.612260070041884, 7.372222733926168, Wood
696.2407015931374, 0.059845157822707856, 0.01025632158149196, 0.7618242919350852, 124.78062438964844, 38.24388423458604, 7.278003884238566, Wood
376.29771752450984, 0.07225007978881369, 0.01093245162608758, 0.877174139632948, 134.8939666748047, 39.10553843391507, 7.292003201252419, Wood
57.63066789215687, 0.1826965754028465, 0.01929724230550019, 0.9728423118941969, 91.82440185546875, 32.57537908479654, 6.998856174595888, Wood
16.648314950980392, 0.3798311228876609, 0.03464061620852361, 0.9887567916730249, 117.19032287597656, 27.236266177538, 6.795758888395502, Wood
2.1984987745098046, 0.7210206134266445, 0.08890403030480958, 0.9937584106052549, 110.45335388183594, 13.272797978598026, 5.737127669099077, Wood
7.529947916666668, 0.4577050860859924, 0.05081252802853994, 0.9842469359180541, 99.41474914550781, 15.474831951985745, 5.987067969213093, Wood
6.670235906862745, 0.5694237080764815, 0.0642332635651868, 0.9888107009097068, 151.37181091308594, 17.26850366781047, 6.063604797860162, Wood
1862.6291819852936, 0.03347934518779737, 0.009509179114240662, 0.2222597568276526, 61.65928649902344, 34.58201188161237, 7.038315085687678, Wood
2113.5682904411765, 0.041555410948308585, 0.0075774191087999146, 0.627752348678208, 90.29017639160156, 53.29872169258025, 7.643906706000205, Wood
1728.996507352941, 0.03881357421602099, 0.00763831373605878, 0.669393502987159, 139.3783721923828, 51.144757918916945, 7.619803249862456, Wood
892.5465226715685, 0.05122989372987576, 0.008068249967345039, 0.8417074776325822, 116.25405883789062, 53.13928575160635, 7.666760127909169, Wood
1154.8650275735297, 0.05138686488145747, 0.01049756937944959, 0.6303682503373209, 144.33978271484375, 39.545123190675206, 7.219970081258834, Stone
741.5700827205882, 0.15039353529770935, 0.02175167694442366, 0.6941638046053624, 165.61936950683594, 34.81354233169333, 6.739534186958144, Stone
1964.9872549019613, 0.03901256960971877, 0.009020603707077928, 0.5009556345443477, 153.39773559570312, 44.36098559784619, 7.353518969713024, Stone
345.3914675245097, 0.09973362017534722, 0.013225818530430268, 0.8547297614603931, 72.56089782714844, 34.49955880958786, 7.119302425803927, Stone
614.3625153186275, 0.07330770868893631, 0.00893781199632609, 0.8956723194028169, 114.087890625, 54.24875899622604, 7.739638490738366, Stone
548.2728860294118, 0.08891537439689766, 0.010108843385964392, 0.907034236871475, 103.71806335449219, 54.2998464306932, 7.6662603380832115, Stone
209.7979932598039, 0.139059851267347, 0.020562246180672514, 0.9703204533814817, 123.364013671875, 59.45300566802913, 7.767019193304474, Stone
353.58515625000007, 0.10150094145413832, 0.009926937464435149, 0.9574587065975472, 127.60456848144531, 64.48811211762357, 7.912129104950221, Stone
155.7568167892157, 0.390546295373566, 0.07053121037759448, 0.9469072656328545, 215.645751953125, 38.28797528961693, 6.596035009733926, Stone
1252.584803921569, 0.057774105890060226, 0.012660366003247334, 0.6736717252290522, 106.50090026855469, 43.79564826055853, 7.176152149150203, Stone
651.29296875, 0.06411505022464796, 0.01134445465318081, 0.7530517562017072, 148.90101623535156, 36.35337011197883, 7.171673465315639, Stone
2186.9923100490196, 0.07360484645642294, 0.014901591986313795, 0.6073029056889887, 194.72389221191406, 52.760998318516556, 6.991545903480523, Stone
826.2790594362746, 0.07581675816790115, 0.008748592729301537, 0.9194771307508606, 137.77847290039062, 71.64909533971799, 7.946296331572793, Stone
1555.8009191176473, 0.045153053976918295, 0.007554436690857821, 0.7552209789814284, 106.8563232421875, 56.37581755926554, 7.746584583142636, Stone
1863.0346813725494, 0.04047139459477461, 0.0071645991919718184, 0.6699728634996734, 128.36949157714844, 53.12739162836065, 7.6837431268391265, Stone
1736.536979166667, 0.04949402595951101, 0.007448468961160831, 0.7549705355971177, 98.3701171875, 59.51932941744785, 7.781539796730096, Stone
1398.432659313726, 0.05791676905663357, 0.0074534213985593305, 0.8057504777749022, 117.63394165039062, 60.01349847398846, 7.851264910406205, Stone
464.8115349264707, 0.1460490607766147, 0.011887462175396284, 0.9414655117329348, 147.2866973876953, 63.023159098906895, 7.854570532428614, Stone
960.8221660539215, 0.06246858706213105, 0.008525418302511327, 0.8489345656297909, 125.72639465332031, 56.36517329303199, 7.709887658264901, Stone
2094.691605392157, 0.04137533218329696, 0.00678342829476417, 0.6916331457044226, 132.662353515625, 58.28219337773715, 7.8242877782690945, Stone
783.3598039215688, 0.07690770883373022, 0.009236128839418658, 0.8695969012604858, 112.92498779296875, 54.767268169222916, 7.6868228495623345, Stone
1713.0197763480394, 0.04607963942837564, 0.007041205066581163, 0.7448501656557333, 124.83580017089844, 57.93923635446859, 7.8046377953902555, Stone
1216.3176470588237, 0.04578914987420095, 0.008759328609038494, 0.7127200326320438, 143.9215850830078, 46.00995661343879, 7.495775975300274, Stone
3323.342677696079, 0.03311840872273357, 0.006503348238991528, 0.4526473376445972, 126.87931823730469, 55.099419992366165, 7.734232010879517, Stone
567.4179227941178, 0.097000271954812, 0.010553155769559315, 0.8766178254888511, 126.19415283203125, 47.964089884489056, 7.581269663799058, Stone